9.640067050880707367e-01
2.811847135688282595e+00
-1.106227783000267140e+00
-2.980429204231198614e+00
-3.730126084719203483e+00
7.908188513245845153e-02
1.925712485278214370e+00
-2.695712684600223508e+00
2.172034746744011535e+00
-5.156076822550454963e+00
-2.586660945718056048e+00
-1.488341212210428255e+00
2.468901863566014931e+00
5.075417608323828489e+00
-2.113337909264030756e+00
1.255299064124051567e+00
3.910234276991438884e-01
2.293987284993956877e+00
5.932096959511325096e+00
2.054762394139213466e+00
-1.541379030038111386e+00
2.327546821000729960e+00
-1.904145067922260237e+00
-3.479030105911383508e+00
4.511709680970404257e+00
-1.472698577082355520e+00
-2.278174262477853151e+00
-2.096271154484361077e+00
8.050135494872622255e-01
6.914670889230767337e+00
4.757290329507148030e+00
6.612147846594050860e-01
-8.993201132365781447e+00
-1.115604886786494276e+00
-1.020824772374521183e+00
1.437813979924164487e+00
-3.870244135679039132e+00
-2.692652304079761194e+00
-5.069324219216203575e-01
-5.164691351931482544e+00
2.746590521363518445e+00
-1.135059790292605175e+00
-2.926714468250449119e+00
1.950024669059227556e+00
-2.039376534974167932e+00
1.635153309854135095e+00
-7.892178139417550531e-01
1.721547525979078008e+00
2.791263334648044658e+00
-2.917090687300002649e+00
4.806039239543875574e+00
-1.584904258990936787e+00
5.371819357970319508e+00
2.923227021705217421e+00
-9.617021793331166357e-01
-5.174185262783930206e-01
3.341675156555190540e+00
2.144874282252741793e+00
6.755836067654683585e-01
-1.397650938516898367e-01
-5.107660586599580554e+00
-1.573913776666917119e+00
-2.175345152161566986e+00
-2.760084872383778087e+00
-4.923292179415120984e+00
7.458357256267188484e-01
1.241510519780656852e+00
-2.662702724949165933e+00
7.976613423087721699e-01
-5.112297936610294968e+00
1.731553574944728391e+00
-2.116318128456599279e+00
2.048489014751509185e-01
-1.470333826311110315e+00
-2.430871908465737086e+00
2.205426653290834427e+00
3.502902593854306801e+00
-2.165116998826975614e+00
-5.853981814619273472e-01
-4.262471571254425884e-01
1.035279403485410921e+00
-2.975799723344858538e+00
9.904625967618052584e-01
3.329795173784948936e+00
2.104304594729773825e+00
-3.928484335511379100e-01
-3.407588020141874008e+00
3.134510515338536418e+00
-5.293349277158069244e-01
3.475762655403352053e+00
2.138545182632455077e+00
-6.450549411549811651e+00
-5.024099929820009081e+00
-2.245563886646651408e+00
5.280936067007130141e+00
2.780571942623921267e+00
1.405515793427649651e+00
1.088950663752171533e+00
-1.887480633127175955e-01
3.944236629448547138e+00
6.131948384225062831e+00
