2.824813263325287246e-02
3.172745117467366122e-02
2.511823005449951088e-02
2.429272248492981082e-02
2.838868492228996399e-02
2.624174975454633685e-02
2.719802649707228973e-02
3.389195158549922898e-02
3.607821614574784064e-02
2.314927005016447284e-02
3.501594792460328842e-02
3.047904470302800414e-02
2.894395571610452328e-02
3.261419044828790803e-02
2.334107638182511546e-02
3.542835849085705646e-02
2.951423408056350062e-02
2.802089308333778617e-02
3.449808083252505625e-02
3.824178977053153267e-02
3.631799245365231743e-02
2.911625675353264955e-02
2.617456330825936733e-02
3.136129608046999556e-02
2.892281227107818334e-02
3.029256427992622208e-02
2.654049693141296781e-02
3.486971871535098078e-02
3.446820425100279722e-02
2.724031831719195274e-02
3.115175393713054755e-02
3.424079060037574229e-02
