-4.235151606880844355e+01
-5.503114957301469268e+00
1.830366384759964404e+01
3.838400709278090517e+01
-2.710423368280755341e+01
-2.515291736093404396e+01
4.323200867477522991e+01
7.957908310022125065e+00
1.541797803282086043e+01
-4.094277278712254287e+01
-3.689144049226543931e+00
1.594138845710711294e+00
3.961965132681345203e+00
8.081479070548484023e-01
1.442004628086038664e+01
-1.572307770877954347e+01
6.227715857432779556e-01
5.426113807202413319e+00
-2.493532106099265899e+00
9.491190563796358504e+00
-1.119056249017564575e+01
2.819667726673040775e+01
2.725568239961913264e+01
-1.031064231766682049e+01
8.987883621740486717e+00
5.123658821851969414e+00
-3.628950853295749113e+01
-1.267884720375389307e+01
1.510711336162357377e+01
-2.528839668924667095e+01
-1.140233547237385814e+01
2.691484984897754984e+01
