8.304451090698198104e-03
8.291764049056645977e-03
8.182770224489033933e-03
8.280577591330965867e-03
8.134519945536383342e-03
8.281589370429078695e-03
8.212028619919922376e-03
8.192839781938089302e-03
8.243076267951158012e-03
8.269938216175477808e-03
8.213254507851406455e-03
8.224182272654631531e-03
8.266842506599082069e-03
8.195220135520667193e-03
8.232573782219986674e-03
8.234691731680940374e-03
8.252084210597756056e-03
8.222268940270891988e-03
8.271417386104930672e-03
8.286034297135801488e-03
8.142210830746666322e-03
8.268872846518946981e-03
8.131469741375400850e-03
8.079206862312308599e-03
8.250607271009373009e-03
8.211541359174547028e-03
8.227497082554258850e-03
8.139001262711055909e-03
8.268482625872063119e-03
8.197415306204727803e-03
8.220533306092226572e-03
8.284878988315437162e-03
8.199962109970320920e-03
8.228177151895501099e-03
8.173521247727254940e-03
8.284455608101294610e-03
8.275542233185863294e-03
8.289241518214264179e-03
8.248793061076349631e-03
8.214177449526455579e-03
8.276634378588207386e-03
